Warming up the Java JIT
End Warmup Phase

   n	           u	      simple	   optimized	 %less-time	         t	       dof	         p
  16	0.0625000000	      0.0170	     0.00750	     55.96%	    8.4864	       165	  1.17e-14
  16	0.1250000000	      0.0195	     0.00875	     55.20%	   10.1903	       196	  7.71e-20
  16	0.2500000000	      0.0222	      0.0141	     36.62%	    8.7009	       173	  2.51e-15
  16	0.5000000000	      0.0280	      0.0203	     27.37%	    7.7486	       192	  5.25e-13
  16	0.6250000000	      0.0267	      0.0178	     33.33%	    9.6375	       181	  5.29e-18
  16	0.7500000000	      0.0239	      0.0147	     38.56%	   10.6210	       141	  1.00e-19
  16	0.8750000000	      0.0214	      0.0119	     44.53%	    9.4159	       195	  1.36e-17

   n	           u	      simple	   optimized	 %less-time	         t	       dof	         p
  32	0.0312500000	      0.0316	     0.00672	     78.71%	   30.7495	       114	  5.12e-57
  32	0.0625000000	      0.0331	     0.00953	     71.23%	   25.6349	       172	  1.22e-60
  32	0.1250000000	      0.0361	      0.0150	     58.44%	   26.7419	       133	  2.34e-55
  32	0.2500000000	      0.0425	      0.0241	     43.38%	   17.5022	       195	  7.56e-42
  32	0.5000000000	      0.0553	      0.0408	     26.27%	   13.2693	       197	  3.96e-29
  32	0.6250000000	      0.0528	      0.0395	     25.15%	   11.6756	       197	  2.81e-24
  32	0.7500000000	      0.0461	      0.0253	     45.08%	   24.8713	       137	  1.20e-52
  32	0.8750000000	      0.0403	      0.0203	     49.61%	   18.5064	       197	  5.71e-45

   n	           u	      simple	   optimized	 %less-time	         t	       dof	         p
  64	0.0156250000	      0.0586	     0.00672	     88.53%	   50.2241	       194	 3.91e-113
  64	0.0312500000	      0.0597	      0.0100	     83.25%	   51.4634	       188	 9.74e-113
  64	0.0625000000	      0.0631	      0.0155	     75.50%	  138.0842	       146	 1.30e-156
  64	0.1250000000	      0.0697	      0.0256	     63.23%	   40.5499	       197	  1.47e-97
  64	0.2500000000	      0.0827	      0.0473	     42.72%	   41.4014	       154	  2.33e-85
  64	0.5000000000	       0.108	      0.0600	     44.51%	   67.1950	       182	 2.04e-130
  64	0.6250000000	       0.101	      0.0544	     46.30%	   41.4259	       197	  3.40e-99
  64	0.7500000000	      0.0895	      0.0472	     47.29%	   55.4227	       137	  1.06e-95
  64	0.8750000000	      0.0783	      0.0314	     59.88%	  149.6226	       158	 4.04e-172

   n	           u	      simple	   optimized	 %less-time	         t	       dof	         p
 128	0.0078125000	       0.114	     0.00656	     94.23%	  102.2973	       196	 4.76e-172
 128	0.0156250000	       0.115	     0.00984	     91.43%	   98.5201	       197	 1.51e-169
 128	0.0312500000	       0.118	      0.0164	     86.06%	  118.3878	       135	 2.87e-138
 128	0.0625000000	       0.125	      0.0288	     76.94%	  155.6774	       127	 7.67e-147
 128	0.1250000000	       0.137	      0.0542	     60.43%	   80.7768	       192	 3.59e-150
 128	0.2500000000	       0.165	      0.0763	     53.70%	   81.7984	       189	 1.75e-149
 128	0.5000000000	       0.215	       0.103	     51.78%	  105.1434	       197	 5.20e-175
 128	0.6250000000	       0.203	      0.0870	     57.09%	  122.0866	       164	 6.46e-163
 128	0.7500000000	       0.176	      0.0741	     57.94%	  101.5322	       197	 4.49e-172
 128	0.8750000000	       0.154	      0.0644	     58.26%	  112.4831	       197	 1.09e-180

   n	           u	      simple	   optimized	 %less-time	         t	       dof	         p
 256	0.0039062500	       0.223	     0.00672	     96.99%	  205.3490	       196	 8.94e-231
 256	0.0078125000	       0.224	      0.0103	     95.40%	  197.8257	       197	 1.51e-228
 256	0.0156250000	       0.229	      0.0161	     92.96%	  265.8319	       123	 1.30e-171
 256	0.0312500000	       0.235	      0.0302	     87.16%	  424.6816	       172	 9.48e-262
 256	0.0625000000	       0.246	      0.0658	     73.29%	  189.3646	       197	 7.91e-225
 256	0.1250000000	       0.272	      0.0897	     66.99%	  169.0270	       197	 3.62e-215
 256	0.2500000000	       0.327	       0.133	     59.47%	  183.3106	       154	 3.66e-182
 256	0.5000000000	       0.428	       0.194	     54.60%	  195.2014	       195	 1.50e-225
 256	0.6250000000	       0.404	       0.153	     62.06%	  290.6670	       197	 2.35e-261
 256	0.7500000000	       0.352	       0.129	     63.27%	  181.6654	       197	 2.69e-221
 256	0.8750000000	       0.306	       0.108	     64.54%	  181.1018	       166	 1.16e-192

   n	           u	      simple	   optimized	 %less-time	         t	       dof	         p
 512	0.0019531250	       0.443	     0.00813	     98.16%	  403.3170	       197	 2.48e-289
 512	0.0039062500	       0.445	      0.0100	     97.75%	  391.7667	       196	 1.29e-285
 512	0.0078125000	       0.449	      0.0161	     96.42%	  529.5202	       140	 4.99e-233
 512	0.0156250000	       0.457	      0.0303	     93.36%	  524.3178	       167	 1.56e-270
 512	0.0312500000	       0.469	      0.0688	     85.33%	  509.3364	       107	 6.30e-183
 512	0.0625000000	       0.493	       0.120	     75.74%	  315.7945	       194	 5.11e-265
 512	0.1250000000	       0.543	       0.163	     70.02%	  321.9067	       175	 1.35e-244
 512	0.2500000000	       0.652	       0.250	     61.67%	  312.4168	       183	 1.49e-251
 512	0.5000000000	       0.855	       0.378	     55.82%	  419.6365	       192	 2.09e-286
 512	0.6250000000	       0.807	       0.291	     63.91%	  389.9139	       195	 5.52e-284
 512	0.7500000000	       0.703	       0.238	     66.15%	  517.8174	       133	 1.19e-221
 512	0.8750000000	       0.612	       0.201	     67.10%	  500.1691	       196	 2.17e-306

   n	           u	      simple	   optimized	 %less-time	         t	       dof	         p
1024	0.0009765625	       0.880	      0.0105	     98.81%	  803.2633	       197	      0.00
1024	0.0019531250	       0.886	      0.0106	     98.80%	  852.3969	       197	      0.00
1024	0.0039062500	       0.892	      0.0163	     98.18%	 1333.1837	       178	      0.00
1024	0.0078125000	       0.898	      0.0305	     96.61%	  952.1601	       130	 1.03e-251
1024	0.0156250000	       0.912	      0.0686	     92.48%	  755.2173	       197	      0.00
1024	0.0312500000	       0.937	       0.151	     83.85%	  796.6948	       144	 2.70e-264
1024	0.0625000000	       0.984	       0.220	     77.60%	  663.2647	       141	 3.01e-248
1024	0.1250000000	        1.09	       0.309	     71.49%	  604.6600	       197	 4.90e-324
1024	0.2500000000	        1.30	       0.490	     62.36%	  601.8350	       185	 1.81e-306
1024	0.5000000000	        1.70	       0.753	     55.82%	  686.3150	       174	 1.38e-300
1024	0.6250000000	        1.61	       0.565	     64.89%	  991.4738	       177	      0.00
1024	0.7500000000	        1.40	       0.461	     67.16%	  878.1000	       187	      0.00
1024	0.8750000000	        1.22	       0.386	     68.38%	  832.0766	       155	 8.39e-285

Interpreting Above Results:
1) Negative t value implies simple version is faster.
2) Positive t value implies optimized version is faster.
3) The p column is, well, the p value.

Output to ensure can't optimize away anything: 1851603817
