Warming up the Java JIT
End Warmup Phase

Uniform Crossover Parameter U=0.33
   c	      simple	   optimized	 %less-time	         t	       dof	         p	simple-calls	   opt-calls	   t-calls	 dof-calls	   p-calls
0.05	       0.883	      0.0436	     95.06%	  774.8924	       181	 1.34e-320	      686.93	      686.23	    0.5525	       196	     0.581
0.15	       0.950	      0.0725	     92.37%	  803.0911	       195	      0.00	      709.39	      709.60	   -0.1754	       196	     0.861
0.25	        1.02	       0.102	     89.99%	  822.4980	       193	      0.00	      716.98	      716.96	    0.0135	       196	     0.989
0.35	        1.08	       0.129	     88.07%	  839.4226	       197	      0.00	      719.44	      718.29	    0.8950	       197	     0.372
0.45	        1.15	       0.158	     86.33%	  953.5933	       197	      0.00	      719.71	      720.62	   -0.7253	       197	     0.469
0.55	        1.22	       0.186	     84.69%	 1055.2963	       192	      0.00	      723.05	      724.27	   -1.0110	       188	     0.313
0.65	        1.29	       0.215	     83.31%	  944.1462	       197	      0.00	      724.26	      722.54	    1.2571	       196	     0.210
0.75	        1.35	       0.245	     81.86%	  925.2311	       196	      0.00	      723.32	      723.51	   -0.1565	       195	     0.876
0.85	        1.42	       0.274	     80.70%	  905.7759	       185	      0.00	      723.87	      724.26	   -0.2862	       196	     0.775
0.95	        1.49	       0.303	     79.60%	  778.6266	       188	      0.00	      725.27	      723.91	    1.0520	       189	     0.294

Uniform Crossover Parameter U=0.49
   c	      simple	   optimized	 %less-time	         t	       dof	         p	simple-calls	   opt-calls	   t-calls	 dof-calls	   p-calls
0.05	       0.890	      0.0475	     94.66%	 1058.6928	       196	      0.00	      689.03	      689.44	   -0.3408	       195	     0.734
0.15	       0.975	      0.0836	     91.43%	  767.1516	       197	      0.00	      712.36	      712.02	    0.2695	       197	     0.788
0.25	        1.06	       0.121	     88.56%	  871.0408	       190	      0.00	      716.94	      718.83	   -1.5896	       197	     0.114
0.35	        1.14	       0.157	     86.23%	  912.9824	       189	      0.00	      722.06	      719.77	    1.6949	       197	    0.0917
0.45	        1.22	       0.194	     84.14%	  763.4069	       197	      0.00	      724.51	      721.78	    2.2372	       194	    0.0264
0.55	        1.31	       0.229	     82.49%	  915.0523	       197	      0.00	      723.86	      722.63	    1.1100	       197	     0.268
0.65	        1.39	       0.266	     80.93%	 1066.1946	       189	      0.00	      722.58	      723.15	   -0.4248	       197	     0.671
0.75	        1.48	       0.304	     79.38%	  748.4800	       192	      0.00	      724.63	      723.80	    0.6229	       197	     0.534
0.85	        1.56	       0.339	     78.28%	 1091.6310	       191	      0.00	      723.57	      724.78	   -0.9421	       197	     0.347
0.95	        1.64	       0.377	     77.07%	  968.7848	       194	      0.00	      725.12	      725.11	    0.0089	       193	     0.993

Interpreting Above Results:
1) Negative t value implies simple version is faster.
2) Positive t value implies optimized version is faster.
3) The p column is, well, the p value.

Output to ensure can't optimize away anything: 12219
