Warming up the Java JIT
End Warmup Phase

SinglePointCrossover
   c	      simple	   optimized	 %less-time	         t	       dof	         p	simple-calls	   opt-calls	   t-calls	 dof-calls	   p-calls
0.05	       0.836	      0.0308	     96.32%	  685.6982	       117	 1.05e-212	      661.18	      659.50	    1.5178	       197	     0.131
0.15	       0.837	      0.0314	     96.25%	  865.2687	       130	 2.61e-246	      684.28	      683.21	    0.8887	       197	     0.375
0.25	       0.848	      0.0333	     96.08%	  373.0483	       120	 9.51e-186	      694.66	      694.65	    0.0084	       197	     0.993
0.35	       0.848	      0.0328	     96.13%	  380.8304	       123	 8.57e-191	      700.79	      701.15	   -0.3144	       196	     0.754
0.45	       0.842	      0.0348	     95.86%	  776.0824	       196	      0.00	      706.65	      705.85	    0.6185	       196	     0.537
0.55	       0.845	      0.0348	     95.87%	  791.2706	       197	      0.00	      708.74	      710.58	   -1.3107	       195	     0.192
0.65	       0.842	      0.0367	     95.64%	  844.0770	       177	 5.54e-321	      712.56	      709.96	    1.9931	       196	    0.0476
0.75	       0.845	      0.0372	     95.60%	  774.7340	       193	      0.00	      713.39	      715.64	   -1.8800	       197	    0.0616
0.85	       0.845	      0.0397	     95.30%	  812.7759	       186	      0.00	      717.87	      714.92	    2.6500	       194	   0.00871
0.95	       0.847	      0.0395	     95.33%	  724.7496	       193	      0.00	      715.81	      717.57	   -1.3471	       196	     0.179

TwoPointCrossover
   c	      simple	   optimized	 %less-time	         t	       dof	         p	simple-calls	   opt-calls	   t-calls	 dof-calls	   p-calls
0.05	       0.837	      0.0300	     96.42%	  794.2120	       139	 4.69e-256	      666.83	      665.56	    1.1150	       196	     0.266
0.15	       0.838	      0.0320	     96.18%	  826.3702	       165	 2.47e-300	      692.49	      694.07	   -1.1955	       197	     0.233
0.25	       0.840	      0.0330	     96.07%	  649.7180	       166	 1.36e-284	      703.50	      703.28	    0.1750	       195	     0.861
0.35	       0.843	      0.0348	     95.87%	  477.1640	       142	 1.77e-229	      709.06	      708.07	    0.7270	       192	     0.468
0.45	       0.842	      0.0352	     95.82%	  846.6162	       197	      0.00	      711.93	      712.55	   -0.4737	       192	     0.636
0.55	       0.843	      0.0350	     95.85%	  927.4736	       148	 1.78e-280	      716.00	      715.08	    0.6701	       197	     0.504
0.65	       0.844	      0.0363	     95.71%	  849.6434	       182	      0.00	      717.47	      717.48	   -0.0072	       196	     0.994
0.75	       0.845	      0.0380	     95.51%	  817.9044	       165	 1.35e-299	      717.60	      718.93	   -0.9796	       197	     0.328
0.85	       0.845	      0.0395	     95.32%	  698.8437	       197	      0.00	      718.77	      717.46	    1.0477	       194	     0.296
0.95	       0.849	      0.0402	     95.27%	  474.1187	       151	 1.75e-241	      721.79	      722.75	   -0.7710	       192	     0.442

Interpreting Above Results:
1) Negative t value implies simple version is faster.
2) Positive t value implies optimized version is faster.
3) The p column is, well, the p value.

Output to ensure can't optimize away anything: 12789
